taxon,AAT,CRAT,CAT,MT,CRT,ART,Total
Acidobacteriota,0,0,0,0.001530105,0.008874507,0,0.003810599
Actinobacteriota,0,0,0.079531399,0.320842784,0.200508225,0.255763438,0.190683703
Bacteroidota,0,0,0,0,0.025933021,0.048955437,0.008705796
Firmicutes,1,0.621777048,0.406282537,0.213595538,0.209310007,0.093064566,0.305462095
Gemmatimonadota,0,0,0,0.011663051,0.007462646,0.004016064,0.006421956
Myxococcota,0,0,0,0,0.046504065,0.035285372,0.017422857
Nitrospirota,0,0,0,0.013180892,0.001279625,0.006410256,0
Others,0,0,0,0.012123097,0.032980246,0.188798463,0.022613105
Proteobacteria,0,0.378222952,0.514186065,0.425454315,0.464847565,0.347626081,0.44487989
Verrucomicrobiota,0,0,0,0.001610218,0.002300094,0.020080321,0
